CER: 0.000000
F1: 1.000000