CER: 0.001100
F1: 0.990800