CER: 0.000000
F1: 0.998082