CER: 0.022400
F1: 0.980800